camera_matrix:
- - 3658.6569673910926
  - 0.0
  - 1796.063922421502
- - 0.0
  - 3673.6868660323744
  - 1237.2753931272339
- - 0.0
  - 0.0
  - 1.0
dist_coeff:
- 0.28940826782658674
- 0.0
- 0.022629921653645673
- 0.004079766967638629
- 0.0
rvec:
- 0.0
- 0.0
- 0.0
tvec:
- 0.0
- 0.0
- 0.0

