camera_matrix:
- - 651.2359879730374
  - 0.0
  - 302.90793478666666
- - 0.0
  - 553.7690972308045
  - 184.6513793845368
- - 0.0
  - 0.0
  - 1.0
